------------
times=69861
    1
    1    1
    6    1    1
    6    6    6   10
    8    6   10   10   10
    8    8    8    9    9    9
    3    3    8   12   12    9   11
    7    3    3    3    5   11   11   11
    7    5    5    5    5    4   11    2    2
    7    7    7    4    4    4    4    2    2    2
------------
times=3188
   12
   12   12
    7   12   12
    7    6    6    6
    7    7    3    6    6
    9    3    3    3    3   11
    9    4    4    4   11   11   11
    9    8    8    4    2   11    5    5
    9    9    8    4    2    2    5    1    1
   10    8    8    2    2    5    5    1    1    1
